0 0.7163461538461539 0.5432692307692307 0.1201923076923077 0.28846153846153844
0 0.9543269230769231 0.7860576923076923 0.0889423076923077 0.32211538461538464
1 0.8846153846153846 0.21394230769230768 0.04326923076923077 0.08173076923076923
1 0.8341346153846154 0.1971153846153846 0.03125 0.11298076923076923
1 0.5985576923076923 0.15865384615384615 0.04326923076923077 0.0625
1 0.65625 0.2091346153846154 0.038461538461538464 0.10817307692307693
3 0.8052884615384616 0.7788461538461539 0.20432692307692307 0.35096153846153844
3 0.33413461538461536 0.8605769230769231 0.21634615384615385 0.27163461538461536
3 0.6225961538461539 0.3942307692307692 0.15625 0.27163461538461536
4 0.46153846153846156 0.46875 0.18269230769230768 0.4807692307692308
3 0.7644230769230769 0.20432692307692307 0.13701923076923078 0.23557692307692307
3 0.9038461538461539 0.3605769230769231 0.13701923076923078 0.22596153846153846
3 0.5024038461538461 0.12980769230769232 0.1201923076923077 0.18028846153846154
3 0.6778846153846154 0.0889423076923077 0.10817307692307693 0.16826923076923078
0 0.7668269230769231 0.37259615384615385 0.10096153846153846 0.24519230769230768
3 0.6009615384615384 0.25 0.11538461538461539 0.12740384615384615
3 0.8894230769230769 0.09134615384615384 0.15384615384615385 0.18028846153846154
3 0.5456730769230769 0.052884615384615384 0.10096153846153846 0.10576923076923077
3 0.4639423076923077 0.2283653846153846 0.12740384615384615 0.20192307692307693
3 0.9471153846153846 0.49038461538461536 0.10096153846153846 0.24519230769230768