1 0.7091346153846154 0.2403846153846154 0.03365384615384615 0.10096153846153846
1 0.21153846153846154 0.021634615384615384 0.03365384615384615 0.04326923076923077
1 0.5673076923076923 0.07692307692307693 0.04807692307692308 0.04807692307692308
1 0.4230769230769231 0.17307692307692307 0.06009615384615385 0.0625
1 0.7139423076923077 0.22355769230769232 0.052884615384615384 0.13942307692307693
4 0.5072115384615384 0.4735576923076923 0.23317307692307693 0.5480769230769231
3 0.8509615384615384 0.8509615384615384 0.23557692307692307 0.2932692307692308
3 0.6322115384615384 0.3269230769230769 0.14423076923076922 0.2980769230769231
0 0.7475961538461539 0.5456730769230769 0.14903846153846154 0.33653846153846156
3 0.11778846153846154 0.15625 0.15625 0.22115384615384615
3 0.8798076923076923 0.20192307692307693 0.12980769230769232 0.2091346153846154
3 0.7259615384615384 0.10336538461538461 0.14423076923076922 0.20432692307692307
3 0.28365384615384615 0.9278846153846154 0.20673076923076922 0.13942307692307693
3 0.4543269230769231 0.11538461538461539 0.12740384615384615 0.18269230769230768
0 0.7620192307692307 0.2956730769230769 0.10817307692307693 0.23557692307692307
3 0.3870192307692308 0.34134615384615385 0.10096153846153846 0.2956730769230769
3 0.5817307692307693 0.16346153846153846 0.13221153846153846 0.14182692307692307
3 0.49038461538461536 0.06490384615384616 0.1201923076923077 0.12980769230769232
0 0.9399038461538461 0.6274038461538461 0.11538461538461539 0.3485576923076923
3 0.10336538461538461 0.07211538461538461 0.12740384615384615 0.14423076923076922
3 0.9326923076923077 0.3269230769230769 0.12740384615384615 0.23557692307692307