1 0.5985576923076923 0.1875 0.057692307692307696 0.08173076923076923
1 0.028846153846153848 0.47836538461538464 0.03365384615384615 0.15384615384615385
1 0.23557692307692307 0.125 0.038461538461538464 0.10817307692307693
1 0.3293269230769231 0.2548076923076923 0.036057692307692304 0.0985576923076923
1 0.3629807692307692 0.14903846153846154 0.052884615384615384 0.09615384615384616
4 0.47596153846153844 0.5096153846153846 0.24278846153846154 0.5480769230769231
3 0.17548076923076922 0.8725961538461539 0.23557692307692307 0.25
0 0.2764423076923077 0.53125 0.14182692307692307 0.3293269230769231
3 0.6225961538461539 0.36538461538461536 0.13221153846153846 0.2980769230769231
3 0.8173076923076923 0.0625 0.12740384615384615 0.12259615384615384
0 0.09615384615384616 0.5456730769230769 0.14423076923076922 0.31971153846153844
3 0.3245192307692308 0.0889423076923077 0.13701923076923078 0.1778846153846154
3 0.16826923076923078 0.15384615384615385 0.1201923076923077 0.19471153846153846
3 0.5649038461538461 0.125 0.12259615384615384 0.1971153846153846
3 0.3894230769230769 0.3269230769230769 0.14182692307692307 0.29086538461538464
0 0.2668269230769231 0.27884615384615385 0.10576923076923077 0.22115384615384615
3 0.4567307692307692 0.16826923076923078 0.1201923076923077 0.15865384615384615
3 0.11298076923076923 0.2692307692307692 0.125 0.22115384615384615
3 0.9495192307692307 0.3798076923076923 0.09615384615384616 0.23557692307692307
3 0.5264423076923077 0.057692307692307696 0.11298076923076923 0.11538461538461539