1 0.30528846153846156 0.24759615384615385 0.055288461538461536 0.13221153846153846
1 0.8365384615384616 0.15625 0.040865384615384616 0.0985576923076923
1 0.7788461538461539 0.18509615384615385 0.03125 0.08413461538461539
1 0.7716346153846154 0.16826923076923078 0.04567307692307692 0.11538461538461539
1 0.35336538461538464 0.1346153846153846 0.036057692307692304 0.09375
1 0.16105769230769232 0.13221153846153846 0.04326923076923077 0.11057692307692307
1 0.1201923076923077 0.13221153846153846 0.03365384615384615 0.0625
1 0.31009615384615385 0.09134615384615384 0.03365384615384615 0.06490384615384616
3 0.16346153846153846 0.8197115384615384 0.22596153846153846 0.35336538461538464
3 0.36778846153846156 0.3485576923076923 0.1466346153846154 0.30288461538461536
3 0.6995192307692307 0.8798076923076923 0.2403846153846154 0.23076923076923078
0 0.2644230769230769 0.5408653846153846 0.14182692307692307 0.31971153846153844
3 0.2403846153846154 0.11778846153846154 0.13221153846153846 0.22115384615384615
3 0.09375 0.2644230769230769 0.14182692307692307 0.22115384615384615
4 0.5240384615384616 0.4519230769230769 0.20432692307692307 0.5264423076923077
3 0.5360576923076923 0.12740384615384615 0.12740384615384615 0.15144230769230768
0 0.23076923076923078 0.3173076923076923 0.10817307692307693 0.2403846153846154
3 0.9399038461538461 0.055288461538461536 0.11538461538461539 0.11057692307692307
3 0.5 0.07932692307692307 0.125 0.15865384615384615
3 0.08653846153846154 0.04807692307692308 0.10576923076923077 0.09375
3 0.9447115384615384 0.18990384615384615 0.11057692307692307 0.16346153846153846
3 0.4182692307692308 0.20192307692307693 0.13701923076923078 0.16826923076923078
3 0.9399038461538461 0.31971153846153844 0.11538461538461539 0.24759615384615385
3 0.052884615384615384 0.39663461538461536 0.0985576923076923 0.25