4 0.4110576923076923 0.4206730769230769 0.25721153846153844 0.5745192307692307
0 0.6802884615384616 0.2644230769230769 0.125 0.2860576923076923
0 0.53125 0.10096153846153846 0.10096153846153846 0.20192307692307693
0 0.5384615384615384 0.34134615384615385 0.10817307692307693 0.30528846153846156
0 0.6682692307692307 0.0889423076923077 0.10576923076923077 0.17548076923076922
1 0.25 0.2620192307692308 0.06490384615384616 0.17548076923076922
1 0.7427884615384616 0.20432692307692307 0.03125 0.13942307692307693
1 0.8677884615384616 0.31971153846153844 0.06490384615384616 0.12740384615384615
1 0.20192307692307693 0.11538461538461539 0.052884615384615384 0.13221153846153846
3 0.15865384615384615 0.34615384615384615 0.16346153846153846 0.3557692307692308
3 0.6322115384615384 0.8100961538461539 0.2403846153846154 0.375
3 0.8725961538461539 0.24278846153846154 0.25 0.23076923076923078
3 0.3173076923076923 0.07932692307692307 0.125 0.15865384615384615
3 0.40384615384615385 0.10576923076923077 0.13221153846153846 0.15144230769230768
3 0.9447115384615384 0.3269230769230769 0.10336538461538461 0.21875
3 0.8942307692307693 0.0985576923076923 0.20673076923076922 0.15625
3 0.23076923076923078 0.036057692307692304 0.09615384615384616 0.07211538461538461