4 0.4519230769230769 0.5360576923076923 0.4014423076923077 0.7403846153846154
0 0.4951923076923077 0.09615384615384616 0.1201923076923077 0.19230769230769232
1 0.33413461538461536 0.09134615384615384 0.06971153846153846 0.14182692307692307
1 0.6826923076923077 0.10336538461538461 0.06490384615384616 0.125
3 0.8894230769230769 0.43509615384615385 0.21875 0.3293269230769231
3 0.21153846153846154 0.14182692307692307 0.17307692307692307 0.28365384615384615
3 0.038461538461538464 0.2932692307692308 0.07692307692307693 0.35096153846153844
3 0.04326923076923077 0.07211538461538461 0.08413461538461539 0.14182692307692307
3 0.8557692307692307 0.125 0.28365384615384615 0.2403846153846154
3 0.6778846153846154 0.07211538461538461 0.22355769230769232 0.14182692307692307
3 0.8677884615384616 0.2980769230769231 0.25721153846153844 0.3317307692307692