4 0.4855769230769231 0.5480769230769231 0.34615384615384615 0.6730769230769231
0 0.625 0.1875 0.12740384615384615 0.28365384615384615
0 0.4807692307692308 0.10817307692307693 0.10817307692307693 0.21394230769230768
1 0.11538461538461539 0.8533653846153846 0.10336538461538461 0.28125
1 0.057692307692307696 0.5456730769230769 0.08413461538461539 0.2548076923076923
1 0.5961538461538461 0.35096153846153844 0.04807692307692308 0.10817307692307693
3 0.13221153846153846 0.24278846153846154 0.18269230769230768 0.3125
3 0.33653846153846156 0.20192307692307693 0.16826923076923078 0.33413461538461536
3 0.8365384615384616 0.16346153846153846 0.30288461538461536 0.23076923076923078
3 0.15625 0.07692307692307693 0.1466346153846154 0.15384615384615385
3 0.9495192307692307 0.6177884615384616 0.09615384615384616 0.2403846153846154
3 0.9302884615384616 0.42788461538461536 0.1346153846153846 0.3389423076923077
3 0.9134615384615384 0.23798076923076922 0.1658653846153846 0.22355769230769232