1 0.4014423076923077 0.1875 0.057692307692307696 0.08173076923076923
1 0.9711538461538461 0.47836538461538464 0.03365384615384615 0.15384615384615385
1 0.7644230769230769 0.125 0.038461538461538464 0.10817307692307693
1 0.6706730769230769 0.2548076923076923 0.036057692307692304 0.0985576923076923
1 0.6370192307692307 0.14903846153846154 0.052884615384615384 0.09615384615384616
4 0.5240384615384616 0.5096153846153846 0.24278846153846154 0.5480769230769231
3 0.8245192307692307 0.8725961538461539 0.23317307692307693 0.25
0 0.7235576923076923 0.53125 0.14182692307692307 0.3293269230769231
3 0.37740384615384615 0.36538461538461536 0.13221153846153846 0.2980769230769231
0 0.9038461538461539 0.5456730769230769 0.14423076923076922 0.31971153846153844
3 0.6754807692307693 0.0889423076923077 0.13701923076923078 0.1778846153846154
3 0.8317307692307693 0.15384615384615385 0.1201923076923077 0.19471153846153846
3 0.43509615384615385 0.125 0.12259615384615384 0.1971153846153846
3 0.6105769230769231 0.3269230769230769 0.14182692307692307 0.29086538461538464
0 0.7331730769230769 0.27884615384615385 0.10576923076923077 0.22115384615384615
3 0.5432692307692307 0.16826923076923078 0.1201923076923077 0.15865384615384615
3 0.8870192307692307 0.2692307692307692 0.125 0.22115384615384615
3 0.4735576923076923 0.057692307692307696 0.11298076923076923 0.11538461538461539