0 0.23798076923076922 0.15384615384615385 0.10096153846153846 0.13701923076923078
0 0.32211538461538464 0.13221153846153846 0.07932692307692307 0.1466346153846154
0 0.4254807692307692 0.09615384615384616 0.07211538461538461 0.052884615384615384
0 0.44711538461538464 0.16105769230769232 0.08413461538461539 0.10576923076923077
0 0.5288461538461539 0.16105769230769232 0.09615384615384616 0.13942307692307693
0 0.4855769230769231 0.27163461538461536 0.09375 0.18509615384615385
0 0.37259615384615385 0.20673076923076922 0.07932692307692307 0.15144230769230768
0 0.40384615384615385 0.30288461538461536 0.10096153846153846 0.12740384615384615
0 0.43990384615384615 0.45913461538461536 0.11538461538461539 0.27884615384615385
0 0.25721153846153844 0.2668269230769231 0.08653846153846154 0.1466346153846154
0 0.13942307692307693 0.34375 0.15865384615384615 0.18028846153846154
0 0.2283653846153846 0.4735576923076923 0.15865384615384615 0.22115384615384615
0 0.09375 0.6105769230769231 0.18509615384615385 0.2692307692307692
0 0.31009615384615385 0.7211538461538461 0.19230769230769232 0.33413461538461536
0 0.6177884615384616 0.4182692307692308 0.09615384615384616 0.2956730769230769
0 0.6394230769230769 0.3245192307692308 0.11057692307692307 0.20432692307692307
0 0.6394230769230769 0.22115384615384615 0.11057692307692307 0.14423076923076922
0 0.6923076923076923 0.18990384615384615 0.1201923076923077 0.13221153846153846
0 0.6586538461538461 0.11057692307692307 0.11538461538461539 0.1658653846153846
0 0.7379807692307693 0.3125 0.10817307692307693 0.18509615384615385
0 0.8317307692307693 0.2932692307692308 0.125 0.19471153846153846
0 0.875 0.39663461538461536 0.11057692307692307 0.16826923076923078
0 0.7932692307692307 0.5528846153846154 0.11778846153846154 0.31971153846153844
0 0.9182692307692307 0.5336538461538461 0.11778846153846154 0.3245192307692308