0 0.8966346153846154 0.7777777777777778 0.09375 0.16666666666666666
3 0.7163461538461539 0.782051282051282 0.09615384615384616 0.14102564102564102
0 0.4855769230769231 0.7777777777777778 0.09615384615384616 0.16666666666666666
1 0.42788461538461536 0.8162393162393162 0.057692307692307696 0.1794871794871795
0 0.23076923076923078 0.7435897435897436 0.05048076923076923 0.11965811965811966
3 0.34375 0.7777777777777778 0.11778846153846154 0.1794871794871795
1 0.7211538461538461 0.782051282051282 0.04567307692307692 0.1623931623931624
1 0.6442307692307693 0.7649572649572649 0.036057692307692304 0.13247863247863248
1 0.8125 0.7649572649572649 0.036057692307692304 0.10256410256410256
1 0.7932692307692307 0.7649572649572649 0.03125 0.10256410256410256
1 0.9711538461538461 0.782051282051282 0.04807692307692308 0.1794871794871795