3 0.42788461538461536 0.39316239316239315 0.06490384615384616 0.09829059829059829
3 0.4951923076923077 0.4188034188034188 0.055288461538461536 0.09401709401709402
3 0.41586538461538464 0.5213675213675214 0.09615384615384616 0.13247863247863248
3 0.5288461538461539 0.5769230769230769 0.0889423076923077 0.16666666666666666
0 0.34134615384615385 0.6538461538461539 0.10096153846153846 0.1752136752136752
0 0.3269230769230769 0.5299145299145299 0.08173076923076923 0.1282051282051282
1 0.6033653846153846 0.6068376068376068 0.03365384615384615 0.15384615384615385
0 0.5408653846153846 0.6965811965811965 0.0673076923076923 0.20512820512820512
3 0.5600961538461539 0.3717948717948718 0.038461538461538464 0.1111111111111111
3 0.6105769230769231 0.2606837606837607 0.04807692307692308 0.0641025641025641
1 0.25 0.6495726495726496 0.057692307692307696 0.11538461538461539
1 0.5889423076923077 0.4230769230769231 0.019230769230769232 0.09829059829059829