3 0.5625 0.405982905982906 0.04807692307692308 0.1111111111111111
3 0.6057692307692307 0.2692307692307692 0.052884615384615384 0.06837606837606838
3 0.4951923076923077 0.3418803418803419 0.040865384615384616 0.0641025641025641
3 0.5384615384615384 0.2905982905982906 0.04567307692307692 0.05982905982905983
0 0.42788461538461536 0.5299145299145299 0.0673076923076923 0.13247863247863248
0 0.5096153846153846 0.6153846153846154 0.0673076923076923 0.18376068376068377
1 0.5240384615384616 0.8034188034188035 0.057692307692307696 0.19230769230769232
1 0.5841346153846154 0.6068376068376068 0.040865384615384616 0.1581196581196581
0 0.6201923076923077 0.42735042735042733 0.036057692307692304 0.10256410256410256
3 0.18269230769230768 0.811965811965812 0.27403846153846156 0.25213675213675213
1 0.3605769230769231 0.5256410256410257 0.04326923076923077 0.10256410256410256
3 0.4326923076923077 0.39316239316239315 0.06490384615384616 0.08974358974358974
0 0.4110576923076923 0.46153846153846156 0.06009615384615385 0.10256410256410256
0 0.49759615384615385 0.4700854700854701 0.05048076923076923 0.10683760683760683