1 0.5769230769230769 0.7008547008547008 0.038461538461538464 0.16666666666666666
1 0.5865384615384616 0.47863247863247865 0.03125 0.11538461538461539
0 0.5432692307692307 0.5085470085470085 0.05048076923076923 0.14102564102564102
0 0.4951923076923077 0.8333333333333334 0.0985576923076923 0.26495726495726496
0 0.37740384615384615 0.49572649572649574 0.07211538461538461 0.12393162393162394
0 0.3942307692307692 0.5811965811965812 0.07451923076923077 0.15384615384615385
0 0.4855769230769231 0.5085470085470085 0.055288461538461536 0.1282051282051282
3 0.5600961538461539 0.3803418803418803 0.040865384615384616 0.09401709401709402
3 0.5 0.3803418803418803 0.04567307692307692 0.0811965811965812
3 0.4254807692307692 0.39316239316239315 0.06490384615384616 0.10256410256410256
1 0.3173076923076923 0.5726495726495726 0.04326923076923077 0.10256410256410256
3 0.4495192307692308 0.7051282051282052 0.15144230769230768 0.2094017094017094