0 0.5600961538461539 0.6282051282051282 0.05048076923076923 0.16666666666666666
0 0.3389423076923077 0.6581196581196581 0.10096153846153846 0.18376068376068377
0 0.46634615384615385 0.5555555555555556 0.06490384615384616 0.14957264957264957
0 0.5625 0.41452991452991456 0.040865384615384616 0.0811965811965812
0 0.28125 0.5897435897435898 0.07211538461538461 0.15384615384615385
0 0.49038461538461536 0.32051282051282054 0.036057692307692304 0.0811965811965812
1 0.19230769230769232 0.7051282051282052 0.06971153846153846 0.13247863247863248
3 0.5360576923076923 0.3076923076923077 0.05048076923076923 0.0641025641025641
3 0.5600961538461539 0.34615384615384615 0.036057692307692304 0.05128205128205128
3 0.43028846153846156 0.39316239316239315 0.0673076923076923 0.08547008547008547
3 0.5456730769230769 0.5299145299145299 0.07211538461538461 0.1581196581196581
3 0.3870192307692308 0.5598290598290598 0.10336538461538461 0.13675213675213677
1 0.6105769230769231 0.5384615384615384 0.036057692307692304 0.12393162393162394
3 0.6057692307692307 0.2692307692307692 0.052884615384615384 0.05982905982905983
0 0.6346153846153846 0.38461538461538464 0.03125 0.08547008547008547
0 0.6201923076923077 0.42735042735042733 0.03365384615384615 0.09401709401709402