1 0.6177884615384616 0.7051282051282052 0.04326923076923077 0.11965811965811966
1 0.6995192307692307 0.6196581196581197 0.040865384615384616 0.1111111111111111
5 0.8004807692307693 0.5641025641025641 0.10096153846153846 0.2094017094017094
3 0.6370192307692307 0.44871794871794873 0.06490384615384616 0.11538461538461539
3 0.47596153846153844 0.4188034188034188 0.055288461538461536 0.09829059829059829
3 0.5048076923076923 0.3547008547008547 0.038461538461538464 0.08547008547008547
3 0.5120192307692307 0.2777777777777778 0.028846153846153848 0.05555555555555555
2 0.6410156250000001 0.19444444444444445 0.623828125 0.19444444444444445 0.61796875 0.20347222222222222 0.6140625 0.2423611111111111 0.618359375 0.2513888888888889 0.646484375 0.2638888888888889 0.70390625 0.27291666666666664 0.72265625 0.26319444444444445 0.7242187499999999 0.22986111111111113 0.720703125 0.20833333333333334 0.6410156250000001 0.19444444444444445
0 0.7074218750000001 0.27222222222222225 0.7046874999999999 0.2798611111111111 0.703125 0.32152777777777775 0.715625 0.32430555555555557 0.72265625 0.3159722222222222 0.7242187499999999 0.2798611111111111 0.720703125 0.27222222222222225 0.7074218750000001 0.27222222222222225
0 0.7261718749999999 0.2958333333333333 0.72265625 0.32152777777777775 0.7265625 0.34375 0.75390625 0.35347222222222224 0.7601562500000001 0.3284722222222222 0.7593749999999999 0.30069444444444443 0.7535156249999999 0.29444444444444445 0.7261718749999999 0.2958333333333333
0 0.8414062499999999 0.34930555555555554 0.84453125 0.3784722222222222 0.8703125 0.38680555555555557 0.8812500000000001 0.33402777777777776 0.8667968749999999 0.32222222222222224 0.846484375 0.32361111111111107 0.8414062499999999 0.34930555555555554
0 0.881640625 0.3416666666666667 0.878125 0.34791666666666665 0.87421875 0.37986111111111115 0.875 0.3993055555555556 0.8792968750000001 0.4027777777777778 0.883984375 0.3958333333333333 0.888671875 0.4041666666666667 0.909375 0.41180555555555554 0.9164062500000001 0.39375 0.9171875 0.34930555555555554 0.903515625 0.3402777777777778 0.881640625 0.3416666666666667
3 0.908203125 0.42777777777777776 0.891796875 0.41944444444444445 0.873046875 0.4208333333333333 0.85625 0.4395833333333333 0.8546875 0.4840277777777778 0.857421875 0.48888888888888893 0.8667968749999999 0.48888888888888893 0.8753906250000001 0.49583333333333335 0.8824218749999999 0.5166666666666667 0.8902343749999999 0.5125 0.9222656250000001 0.5166666666666667 0.9265625 0.5215277777777777 0.9328125 0.5090277777777777 0.93359375 0.4854166666666667 0.925 0.45763888888888893 0.908203125 0.42777777777777776
3 0.798046875 0.33611111111111114 0.79296875 0.3423611111111111 0.79609375 0.35486111111111107 0.7953125000000001 0.37013888888888885 0.7875000000000001 0.3784722222222222 0.784375 0.3909722222222222 0.8015625 0.4034722222222222 0.82890625 0.3993055555555556 0.828125 0.36319444444444443 0.815234375 0.33888888888888885 0.798046875 0.33611111111111114
4 0.53671875 0.2576388888888889 0.5359375 0.29375 0.5578125 0.2965277777777778 0.5578125 0.2534722222222222 0.551171875 0.24722222222222223 0.541015625 0.24722222222222223 0.53671875 0.2576388888888889
0 0.54453125 0.35486111111111107 0.54296875 0.4048611111111111 0.545703125 0.41111111111111115 0.565625 0.4131944444444444 0.571875 0.40069444444444446 0.57109375 0.3423611111111111 0.548046875 0.3402777777777778 0.54453125 0.35486111111111107
0 0.55625 0.31736111111111115 0.551953125 0.3125 0.535546875 0.3125 0.5328125 0.31875000000000003 0.52890625 0.37013888888888885 0.533984375 0.3777777777777778 0.54140625 0.3770833333333333 0.546875 0.3423611111111111 0.555078125 0.33888888888888885 0.55703125 0.3298611111111111 0.55625 0.31736111111111115
0 0.51875 0.44930555555555557 0.502734375 0.4388888888888889 0.484375 0.44652777777777775 0.47890625 0.5020833333333333 0.48124999999999996 0.5381944444444444 0.494140625 0.5541666666666667 0.4984375 0.5534722222222221 0.502734375 0.5458333333333333 0.513671875 0.5402777777777777 0.51953125 0.51875 0.51875 0.44930555555555557
5 0.6322115384615384 0.3247863247863248 0.057692307692307696 0.12393162393162394
5 0.5889423076923077 0.28205128205128205 0.028846153846153848 0.08974358974358974
2 0.59375 0.2222222222222222 0.040865384615384616 0.07692307692307693