0 0.4855769230769231 0.6752136752136753 0.07211538461538461 0.20085470085470086
1 0.8125 0.9230769230769231 0.06490384615384616 0.15384615384615385
5 0.9038461538461539 0.7777777777777778 0.16105769230769232 0.31196581196581197
3 0.6754807692307693 0.5641025641025641 0.09134615384615384 0.1452991452991453
5 0.6442307692307693 0.3803418803418803 0.07451923076923077 0.15384615384615385
5 0.59375 0.3247863247863248 0.036057692307692304 0.1111111111111111
3 0.4519230769230769 0.5299145299145299 0.06971153846153846 0.13247863247863248
3 0.49278846153846156 0.4188034188034188 0.04807692307692308 0.09829059829059829
3 0.5072115384615384 0.3247863247863248 0.04326923076923077 0.07692307692307693
4 0.5456730769230769 0.3076923076923077 0.026442307692307692 0.0641025641025641
2 0.709765625 0.22916666666666666 0.618359375 0.2152777777777778 0.61171875 0.2201388888888889 0.61015625 0.23958333333333334 0.603125 0.26319444444444445 0.608203125 0.27638888888888885 0.626953125 0.27361111111111114 0.631640625 0.28055555555555556 0.651171875 0.28055555555555556 0.674609375 0.29305555555555557 0.69453125 0.29236111111111107 0.709765625 0.28750000000000003 0.71171875 0.2826388888888889 0.7164062499999999 0.2576388888888889 0.709765625 0.22916666666666666
0 0.697265625 0.29305555555555557 0.69453125 0.3409722222222222 0.7109375 0.3423611111111111 0.715625 0.32152777777777775 0.71484375 0.2979166666666667 0.7105468749999999 0.2916666666666667 0.697265625 0.29305555555555557
0 0.719921875 0.31805555555555554 0.715625 0.33541666666666664 0.71796875 0.36180555555555555 0.733203125 0.37083333333333335 0.74609375 0.3715277777777778 0.7515624999999999 0.35625 0.75 0.32152777777777775 0.7417968749999999 0.3152777777777778 0.719921875 0.31805555555555554
0 0.873046875 0.3597222222222222 0.8656250000000001 0.3909722222222222 0.86640625 0.4215277777777778 0.8746093749999999 0.41805555555555557 0.89921875 0.43263888888888885 0.9085937500000001 0.40208333333333335 0.9078124999999999 0.37013888888888885 0.893359375 0.3597222222222222 0.873046875 0.3597222222222222
0 0.8550781249999999 0.3416666666666667 0.837890625 0.3416666666666667 0.8335937499999999 0.35208333333333336 0.83125 0.39791666666666664 0.85859375 0.4034722222222222 0.8628906249999999 0.4027777777777778 0.8656250000000001 0.39513888888888893 0.87109375 0.3506944444444444 0.8550781249999999 0.3416666666666667
3 0.787890625 0.35555555555555557 0.78046875 0.3645833333333333 0.7796875000000001 0.3770833333333333 0.7816406250000001 0.37916666666666665 0.7847656249999999 0.3722222222222222 0.78515625 0.3784722222222222 0.78203125 0.38125000000000003 0.7777343750000001 0.41250000000000003 0.7847656249999999 0.41527777777777775 0.7886718749999999 0.4236111111111111 0.8203125 0.42430555555555555 0.8234375 0.41458333333333336 0.8203125 0.38402777777777775 0.8089843750000001 0.3625 0.787890625 0.35555555555555557
3 0.8902343749999999 0.4375 0.8597656250000001 0.4361111111111111 0.846875 0.44652777777777775 0.840625 0.47847222222222224 0.8433593749999999 0.5013888888888889 0.857421875 0.5097222222222223 0.8628906249999999 0.5277777777777778 0.899609375 0.5277777777777778 0.9109375 0.5340277777777778 0.91484375 0.5215277777777777 0.91484375 0.5048611111111111 0.909375 0.47708333333333336 0.8902343749999999 0.4375
5 0.547265625 0.2513888888888889 0.54609375 0.27569444444444446 0.55625 0.28680555555555554 0.561328125 0.3097222222222222 0.56875 0.3090277777777778 0.571875 0.2881944444444444 0.56953125 0.2534722222222222 0.565234375 0.24444444444444446 0.547265625 0.2513888888888889
0 0.553515625 0.3736111111111111 0.52890625 0.37569444444444444 0.52578125 0.4395833333333333 0.53828125 0.45069444444444445 0.54140625 0.41875 0.55546875 0.41180555555555554 0.55625 0.38819444444444445 0.553515625 0.3736111111111111
0 0.544921875 0.41388888888888886 0.53984375 0.42986111111111114 0.5390625 0.48819444444444443 0.546484375 0.5027777777777778 0.565625 0.5048611111111111 0.571875 0.4895833333333333 0.5734375 0.4715277777777778 0.571875 0.41875 0.544921875 0.41388888888888886
2 0.5865384615384616 0.23931623931623933 0.04807692307692308 0.06837606837606838