3 0.4519230769230769 0.41025641025641024 0.0673076923076923 0.1111111111111111
3 0.5048076923076923 0.46153846153846156 0.0625 0.1623931623931624
3 0.5817307692307693 0.8376068376068376 0.14182692307692307 0.3247863247863248
0 0.5889423076923077 0.5854700854700855 0.07692307692307693 0.20512820512820512
5 0.8028846153846154 0.6495726495726496 0.1346153846153846 0.2905982905982906
3 0.5769230769230769 0.2863247863247863 0.04326923076923077 0.08547008547008547
3 0.4951923076923077 0.26495726495726496 0.03365384615384615 0.06837606837606838
3 0.869921875 0.33888888888888885 0.846484375 0.3402777777777778 0.83515625 0.37013888888888885 0.83671875 0.3784722222222222 0.83203125 0.4048611111111111 0.83515625 0.42569444444444443 0.857421875 0.4236111111111111 0.88359375 0.43124999999999997 0.88671875 0.42430555555555555 0.8890625000000001 0.3715277777777778 0.876953125 0.34444444444444444 0.869921875 0.33888888888888885
3 0.8003906249999999 0.2791666666666667 0.7886718749999999 0.28055555555555556 0.7828124999999999 0.28680555555555554 0.778125 0.3229166666666667 0.7808593749999999 0.33611111111111114 0.794921875 0.34861111111111115 0.825 0.34930555555555554 0.82890625 0.3423611111111111 0.82890625 0.3270833333333333 0.8167968750000001 0.28888888888888886 0.8003906249999999 0.2791666666666667
0 0.8785156249999999 0.28611111111111115 0.87109375 0.32013888888888886 0.871875 0.33402777777777776 0.8871093750000001 0.35277777777777775 0.9046875000000001 0.35625 0.91328125 0.3368055555555556 0.91328125 0.29375 0.899609375 0.2847222222222222 0.8785156249999999 0.28611111111111115
0 0.8441406250000001 0.26666666666666666 0.8390625 0.2826388888888889 0.83671875 0.3229166666666667 0.841796875 0.3291666666666667 0.8671875 0.3298611111111111 0.8734375000000001 0.31180555555555556 0.8773437500000001 0.2784722222222222 0.8636718750000001 0.26666666666666666 0.8441406250000001 0.26666666666666666
0 0.7269531250000001 0.24027777777777778 0.7210937500000001 0.2659722222222222 0.7515624999999999 0.29236111111111107 0.7593749999999999 0.2701388888888889 0.7578125 0.24513888888888888 0.743359375 0.23750000000000002 0.7269531250000001 0.24027777777777778
0 0.716796875 0.23888888888888887 0.712890625 0.23472222222222222 0.6968749999999999 0.23819444444444443 0.6929687499999999 0.27291666666666664 0.6929687499999999 0.28680555555555554 0.6953125 0.28680555555555554 0.701171875 0.27638888888888885 0.71953125 0.2673611111111111 0.7203124999999999 0.2520833333333333 0.716796875 0.23888888888888887
0 0.716796875 0.2152777777777778 0.7066406249999999 0.2111111111111111 0.6937500000000001 0.21875 0.690625 0.2576388888888889 0.6953125 0.25902777777777775 0.6968749999999999 0.23819444444444443 0.712109375 0.23472222222222222 0.71953125 0.22430555555555554 0.716796875 0.2152777777777778
0 0.630859375 0.19444444444444445 0.6246093749999999 0.19027777777777777 0.6167968749999999 0.19027777777777777 0.6125 0.19652777777777777 0.61015625 0.23124999999999998 0.6203125 0.23541666666666666 0.623828125 0.22083333333333333 0.63203125 0.2173611111111111 0.63359375 0.20347222222222222 0.630859375 0.19444444444444445
5 0.6466346153846154 0.2863247863247863 0.04807692307692308 0.11538461538461539
5 0.7259615384615384 0.3504273504273504 0.06490384615384616 0.14102564102564102
2 0.5913461538461539 0.1623931623931624 0.04807692307692308 0.07692307692307693
2 0.6658653846153846 0.1752136752136752 0.10336538461538461 0.08547008547008547
1 0.59375 0.452991452991453 0.028846153846153848 0.07264957264957266
1 0.5961538461538461 0.3888888888888889 0.019230769230769232 0.04700854700854701