3 0.5048076923076923 0.37606837606837606 0.04807692307692308 0.12393162393162394
3 0.4735576923076923 0.3333333333333333 0.052884615384615384 0.09401709401709402
3 0.5552884615384616 0.5641025641025641 0.08413461538461539 0.16666666666666666
0 0.5697115384615384 0.4358974358974359 0.04326923076923077 0.11965811965811966
5 0.7235576923076923 0.4829059829059829 0.09375 0.20512820512820512
4 0.84375 0.7777777777777778 0.1658653846153846 0.3247863247863248
1 0.6850961538461539 0.8589743589743589 0.06971153846153846 0.1752136752136752
3 0.5 0.23504273504273504 0.036057692307692304 0.05982905982905983
3 0.5625 0.25213675213675213 0.040865384615384616 0.0641025641025641
5 0.8843749999999999 0.36736111111111114 0.8812500000000001 0.3506944444444444 0.8753906250000001 0.3416666666666667 0.8480468750000001 0.3416666666666667 0.8374999999999999 0.36736111111111114 0.8335937499999999 0.4034722222222222 0.83515625 0.4215277777777778 0.837890625 0.42638888888888893 0.8636718750000001 0.4236111111111111 0.8843749999999999 0.42986111111111114 0.8882812499999999 0.4215277777777778 0.8875 0.38125000000000003 0.89140625 0.3715277777777778 0.8843749999999999 0.36736111111111114
5 0.801953125 0.2791666666666667 0.790234375 0.28055555555555556 0.784375 0.28680555555555554 0.78203125 0.30624999999999997 0.783984375 0.33888888888888885 0.795703125 0.34861111111111115 0.82734375 0.34930555555555554 0.8304687500000001 0.33819444444444446 0.8296874999999999 0.32152777777777775 0.818359375 0.28888888888888886 0.801953125 0.2791666666666667
0 0.8792968750000001 0.28611111111111115 0.8734375000000001 0.31736111111111115 0.8734375000000001 0.33541666666666664 0.8863281249999999 0.35000000000000003 0.90703125 0.35486111111111107 0.91328125 0.34375 0.9156249999999999 0.29375 0.8988281250000001 0.2833333333333333 0.8792968750000001 0.28611111111111115
0 0.90703125 0.3145833333333333 0.9085937500000001 0.3298611111111111 0.9140625 0.33402777777777776 0.91484375 0.30347222222222225 0.9097656249999999 0.2986111111111111 0.91015625 0.3090277777777778 0.90703125 0.3145833333333333
0 0.844921875 0.26805555555555555 0.8382812500000001 0.29375 0.8374999999999999 0.3229166666666667 0.842578125 0.3291666666666667 0.8687499999999999 0.33263888888888893 0.8734375000000001 0.32569444444444445 0.8796875 0.27569444444444446 0.865234375 0.26666666666666666 0.844921875 0.26805555555555555
0 0.7269531250000001 0.24027777777777778 0.72265625 0.2673611111111111 0.7250000000000001 0.28958333333333336 0.75390625 0.29375 0.7625 0.28680555555555554 0.75859375 0.24375 0.747265625 0.23750000000000002 0.7269531250000001 0.24027777777777778
2 0.717689639423077 0.1515877094017094 0.659095889423077 0.1404765982905983 0.6559708894230769 0.13492104273504274 0.6208146394230769 0.13769882051282054 0.618080264423077 0.1425599316239316 0.6172990144230769 0.1828377094017094 0.6208146394230769 0.19464326495726494 0.6372208894230769 0.1974210427350427 0.6426896394230769 0.20575437606837607 0.7172990144230769 0.20922659829059828 0.7212052644230769 0.2050599316239316 0.7227677644230769 0.18700437606837605 0.7219865144230769 0.16061548717948718 0.717689639423077 0.1515877094017094
0 0.6996093750000001 0.20694444444444443 0.6832031249999999 0.20972222222222223 0.68046875 0.23541666666666666 0.6953125 0.23958333333333334 0.698046875 0.23194444444444443 0.7078125 0.22569444444444445 0.7078125 0.21180555555555555 0.6996093750000001 0.20694444444444443
0 0.697265625 0.23194444444444443 0.69453125 0.23819444444444443 0.71171875 0.2576388888888889 0.71484375 0.2784722222222222 0.71953125 0.27291666666666664 0.7164062499999999 0.23541666666666666 0.7105468749999999 0.22916666666666666 0.697265625 0.23194444444444443
5 0.66328125 1 0.6640625 0.9812500000000001 0.659375 0.9368055555555556 0.6515625 0.90625 0.645703125 0.8958333333333334 0.580859375 0.8888888888888888 0.5703125 0.8993055555555556 0.56484375 0.9354166666666666 0.562890625 1 0.66328125 1
5 0.6225961538461539 0.24786324786324787 0.04326923076923077 0.10683760683760683
5 0.6899038461538461 0.29914529914529914 0.05048076923076923 0.12393162393162394
2 0.5913461538461539 0.1623931623931624 0.05048076923076923 0.07692307692307693
1 0.5576923076923077 0.3418803418803419 0.019230769230769232 0.04700854700854701
1 0.5769230769230769 0.3247863247863248 0.019230769230769232 0.05128205128205128