3 0.40865384615384615 0.688034188034188 0.10096153846153846 0.2777777777777778
0 0.5576923076923077 0.5512820512820513 0.052884615384615384 0.14957264957264957
0 0.5432692307692307 0.46153846153846156 0.04567307692307692 0.12393162393162394
3 0.4807692307692308 0.4829059829059829 0.06009615384615385 0.12393162393162394
1 0.4543269230769231 0.43162393162393164 0.026442307692307692 0.0641025641025641
3 0.49759615384615385 0.3333333333333333 0.04567307692307692 0.08974358974358974
5 0.6009615384615384 0.3333333333333333 0.040865384615384616 0.11538461538461539
3 0.7475961538461539 0.7008547008547008 0.13221153846153846 0.21794871794871795
4 0.5480769230769231 0.31196581196581197 0.03125 0.06837606837606838
2 0.701171875 0.20972222222222223 0.6175781250000001 0.19583333333333336 0.60234375 0.20208333333333334 0.60078125 0.2465277777777778 0.606640625 0.25555555555555554 0.684375 0.27708333333333335 0.69921875 0.27152777777777776 0.7046874999999999 0.2465277777777778 0.7046874999999999 0.21875 0.701171875 0.20972222222222223
5 0.567578125 0.24305555555555555 0.548046875 0.24444444444444446 0.5453125 0.2743055555555556 0.555859375 0.28194444444444444 0.56328125 0.30763888888888885 0.56953125 0.3104166666666667 0.5734375 0.30486111111111114 0.575 0.28680555555555554 0.57265625 0.24791666666666667 0.567578125 0.24305555555555555
0 0.712109375 0.2972222222222222 0.70625 0.32152777777777775 0.71015625 0.34930555555555554 0.73828125 0.35208333333333336 0.74296875 0.33125 0.74140625 0.30347222222222225 0.732421875 0.2972222222222222 0.712109375 0.2972222222222222
0 0.686328125 0.2791666666666667 0.6812499999999999 0.28958333333333336 0.6820312500000001 0.3270833333333333 0.69921875 0.3284722222222222 0.7054687500000001 0.31736111111111115 0.7046874999999999 0.2840277777777778 0.6988281249999999 0.2777777777777778 0.686328125 0.2791666666666667
3 0.8859375 0.44236111111111115 0.881640625 0.425 0.8511718749999999 0.4166666666666667 0.8402343750000001 0.4208333333333333 0.83203125 0.4340277777777778 0.82890625 0.4520833333333333 0.8296874999999999 0.47986111111111107 0.841796875 0.4861111111111111 0.8472656249999999 0.5069444444444444 0.89453125 0.5118055555555555 0.89921875 0.4965277777777778 0.8929687500000001 0.46041666666666664 0.89453125 0.4534722222222222 0.8859375 0.44236111111111115
0 0.897265625 0.35277777777777775 0.8863281249999999 0.3458333333333333 0.8636718750000001 0.3458333333333333 0.85625 0.3770833333333333 0.85859375 0.40069444444444446 0.866015625 0.41250000000000003 0.88984375 0.4201388888888889 0.89921875 0.4048611111111111 0.903125 0.3854166666666667 0.9007812500000001 0.3604166666666667 0.897265625 0.35277777777777775
0 0.844921875 0.3263888888888889 0.8277343749999999 0.3277777777777778 0.8218749999999999 0.35625 0.8226562500000001 0.38402777777777775 0.8453124999999999 0.3895833333333333 0.85546875 0.38402777777777775 0.8617187500000001 0.34930555555555554 0.8609374999999999 0.33541666666666664 0.844921875 0.3263888888888889
3 0.791015625 0.3402777777777778 0.7769531249999999 0.3402777777777778 0.76953125 0.3506944444444444 0.76953125 0.37013888888888885 0.76171875 0.3895833333333333 0.7652343749999999 0.39722222222222225 0.778515625 0.40694444444444444 0.802734375 0.4041666666666667 0.8109375000000001 0.4090277777777778 0.8148437500000001 0.3909722222222222 0.809375 0.36319444444444443 0.8003906249999999 0.3472222222222222 0.791015625 0.3402777777777778
5 0.6706730769230769 0.42735042735042733 0.08653846153846154 0.19230769230769232
2 0.5793269230769231 0.2264957264957265 0.05048076923076923 0.07264957264957266