0 0.5576923076923077 0.6324786324786325 0.07211538461538461 0.19658119658119658
1 0.7259615384615384 0.8076923076923077 0.0625 0.1623931623931624
3 0.5408653846153846 0.44017094017094016 0.07451923076923077 0.11965811965811966
4 0.7043269230769231 0.5427350427350427 0.09615384615384616 0.1794871794871795
5 0.6754807692307693 0.38461538461538464 0.0673076923076923 0.1282051282051282
3 0.4831730769230769 0.2948717948717949 0.036057692307692304 0.0811965811965812
3 0.5048076923076923 0.32051282051282054 0.04326923076923077 0.10256410256410256
0 0.5600961538461539 0.358974358974359 0.03365384615384615 0.0811965811965812
1 0.5576923076923077 0.28205128205128205 0.021634615384615384 0.042735042735042736
2 0.634765625 0.14722222222222223 0.619921875 0.14722222222222223 0.6156250000000001 0.15347222222222223 0.6125 0.1951388888888889 0.6175781250000001 0.20833333333333334 0.630859375 0.20833333333333334 0.635546875 0.2152777777777778 0.645703125 0.21666666666666667 0.6753906249999999 0.2111111111111111 0.681640625 0.2152777777777778 0.686328125 0.2263888888888889 0.70234375 0.22847222222222222 0.7171875000000001 0.21875 0.71875 0.1798611111111111 0.712109375 0.16111111111111112 0.634765625 0.14722222222222223
2 0.6156250000000001 0.15347222222222223 0.597265625 0.13749999999999998 0.570703125 0.14027777777777778 0.565625 0.18819444444444444 0.567578125 0.19583333333333336 0.57734375 0.20208333333333334 0.580859375 0.1875 0.604296875 0.1861111111111111 0.612890625 0.17638888888888887 0.6156250000000001 0.15347222222222223
5 0.661328125 0.225 0.641796875 0.22777777777777777 0.6390625000000001 0.23541666666666666 0.6390625000000001 0.3090277777777778 0.6480468749999999 0.32083333333333336 0.67578125 0.32013888888888886 0.6796875 0.3145833333333333 0.6812499999999999 0.2951388888888889 0.6773437499999999 0.2423611111111111 0.661328125 0.225
0 0.69140625 0.24930555555555556 0.68828125 0.28958333333333336 0.7054687500000001 0.2951388888888889 0.71171875 0.28680555555555554 0.71171875 0.24791666666666667 0.694140625 0.24444444444444446 0.69140625 0.24930555555555556
0 0.7261718749999999 0.2513888888888889 0.72265625 0.26319444444444445 0.72265625 0.30069444444444443 0.75078125 0.30763888888888885 0.7562500000000001 0.29097222222222224 0.7554687499999999 0.25902777777777775 0.744921875 0.25 0.7261718749999999 0.2513888888888889
3 0.7925781249999999 0.2916666666666667 0.7796875000000001 0.30763888888888885 0.78125 0.32013888888888886 0.7749999999999999 0.33958333333333335 0.7769531249999999 0.35000000000000003 0.787109375 0.35138888888888886 0.791796875 0.3597222222222222 0.825 0.3604166666666667 0.828125 0.34791666666666665 0.82421875 0.32013888888888886 0.8121093749999999 0.2972222222222222 0.7925781249999999 0.2916666666666667
3 0.868359375 0.35277777777777775 0.848828125 0.35277777777777775 0.8433593749999999 0.3583333333333333 0.83671875 0.3784722222222222 0.83125 0.41875 0.8359375 0.4340277777777778 0.8394531249999999 0.4402777777777778 0.864453125 0.4361111111111111 0.88359375 0.44236111111111115 0.8890625000000001 0.4340277777777778 0.8875 0.38680555555555557 0.87890625 0.36319444444444443 0.868359375 0.35277777777777775
0 0.842578125 0.2791666666666667 0.83515625 0.3104166666666667 0.83515625 0.33541666666666664 0.8394531249999999 0.3402777777777778 0.8640625 0.34375 0.87109375 0.3298611111111111 0.87578125 0.28958333333333336 0.862109375 0.2791666666666667 0.842578125 0.2791666666666667
0 0.877734375 0.2972222222222222 0.86796875 0.33819444444444446 0.8687499999999999 0.34791666666666665 0.8863281249999999 0.3680555555555556 0.903125 0.3715277777777778 0.9109375 0.35486111111111107 0.9125000000000001 0.30763888888888885 0.8988281250000001 0.2972222222222222 0.877734375 0.2972222222222222
3 0.4859375 0.20763888888888887 0.484765625 0.23888888888888887 0.5078125 0.23958333333333334 0.509375 0.22430555555555554 0.503515625 0.20416666666666666 0.492578125 0.19999999999999998 0.4859375 0.20763888888888887
3 0.558203125 0.20972222222222223 0.541015625 0.20555555555555557 0.5359375 0.21041666666666664 0.534375 0.25069444444444444 0.53828125 0.26319444444444445 0.551953125 0.2625 0.56171875 0.24930555555555556 0.5609375 0.2173611111111111 0.558203125 0.20972222222222223
5 0.5985576923076923 0.23504273504273504 0.040865384615384616 0.09829059829059829
1 0.53125 0.2863247863247863 0.016826923076923076 0.038461538461538464