1 0.5649038461538461 0.48717948717948717 0.038461538461538464 0.09401709401709402
3 0.47836538461538464 0.5299145299145299 0.07932692307692307 0.20085470085470086
5 0.7283653846153846 0.5427350427350427 0.12259615384615384 0.2905982905982906
4 0.6009615384615384 0.36752136752136755 0.05048076923076923 0.10256410256410256
3 0.5024038461538461 0.26495726495726496 0.028846153846153848 0.06837606837606838
1 0.6490384615384616 0.4188034188034188 0.02403846153846154 0.0641025641025641
0 0.516796875 0.33194444444444443 0.5140625 0.33541666666666664 0.509375 0.37986111111111115 0.51171875 0.4090277777777778 0.519140625 0.4166666666666667 0.53671875 0.41597222222222224 0.5421875 0.39791666666666664 0.54140625 0.33402777777777776 0.539453125 0.3291666666666667 0.516796875 0.33194444444444443
3 0.87578125 0.3784722222222222 0.8667968749999999 0.3680555555555556 0.8441406250000001 0.36666666666666664 0.838671875 0.37083333333333335 0.82734375 0.41041666666666665 0.82734375 0.42847222222222225 0.8343750000000001 0.43819444444444444 0.8359375 0.45069444444444445 0.8433593749999999 0.45694444444444443 0.8843749999999999 0.46041666666666664 0.8890625000000001 0.4479166666666667 0.8875 0.39791666666666664 0.8824218749999999 0.39861111111111114 0.87578125 0.3784722222222222
3 0.780078125 0.2986111111111111 0.77265625 0.30763888888888885 0.7710937499999999 0.3298611111111111 0.76640625 0.3451388888888889 0.7691406249999999 0.35694444444444445 0.779296875 0.3583333333333333 0.7847656249999999 0.36666666666666664 0.81640625 0.36736111111111114 0.8179687499999999 0.33958333333333335 0.8050781250000001 0.3055555555555556 0.794921875 0.2986111111111111 0.780078125 0.2986111111111111
0 0.868359375 0.30416666666666664 0.86015625 0.3409722222222222 0.8609374999999999 0.36180555555555555 0.8753906250000001 0.3722222222222222 0.89453125 0.3770833333333333 0.9015625 0.3590277777777778 0.903125 0.3145833333333333 0.884765625 0.30277777777777776 0.868359375 0.30416666666666664
0 0.8324218750000001 0.28750000000000003 0.8265625000000001 0.31319444444444444 0.8257812499999999 0.3423611111111111 0.830859375 0.3472222222222222 0.8394531249999999 0.34444444444444444 0.85546875 0.34930555555555554 0.8625 0.33263888888888893 0.86640625 0.29375 0.8472656249999999 0.2847222222222222 0.8324218750000001 0.28750000000000003
0 0.717578125 0.25833333333333336 0.7132812500000001 0.27708333333333335 0.7132812500000001 0.30624999999999997 0.74140625 0.3145833333333333 0.746875 0.2965277777777778 0.746875 0.2659722222222222 0.736328125 0.2569444444444444 0.717578125 0.25833333333333336
0 0.68359375 0.25069444444444444 0.67890625 0.29375 0.6976562500000001 0.2965277777777778 0.703125 0.28680555555555554 0.703125 0.24513888888888888 0.6871093749999999 0.24305555555555555 0.68359375 0.25069444444444444
2 0.6636718749999999 0.1625 0.6402343749999999 0.1527777777777778 0.60859375 0.15625 0.60546875 0.1909722222222222 0.618359375 0.2013888888888889 0.626171875 0.21805555555555556 0.6800781250000001 0.23472222222222222 0.6937500000000001 0.23402777777777778 0.7085937499999999 0.22430555555555554 0.71171875 0.18263888888888888 0.7066406249999999 0.16805555555555557 0.6636718749999999 0.1625
2 0.60703125 0.1798611111111111 0.60703125 0.15902777777777777 0.588671875 0.14305555555555557 0.562890625 0.14722222222222223 0.56015625 0.16874999999999998 0.56796875 0.17847222222222223 0.57109375 0.20902777777777778 0.576953125 0.21666666666666667 0.58671875 0.21597222222222223 0.590625 0.21319444444444446 0.594140625 0.19999999999999998 0.60234375 0.1951388888888889 0.60703125 0.1798611111111111
5 0.62421875 0.21993997863247863 0.621875 0.20605108974358974 0.608203125 0.19563442307692308 0.594140625 0.19980108974358976 0.59140625 0.20605108974358974 0.5921875 0.25466220085470087 0.62421875 0.25743997863247864 0.62578125 0.23938442307692306 0.62421875 0.22549553418803417 0.62109375 0.2227177564102564 0.62421875 0.21993997863247863
0 0.531640625 0.2486111111111111 0.52890625 0.2534722222222222 0.528125 0.2840277777777778 0.540234375 0.30694444444444446 0.54609375 0.30763888888888885 0.55 0.29930555555555555 0.55 0.2534722222222222 0.545703125 0.24722222222222223 0.531640625 0.2486111111111111
5 0.5576923076923077 0.2094017094017094 0.03365384615384615 0.06837606837606838
5 0.6153846153846154 0.3076923076923077 0.038461538461538464 0.08974358974358974