0 0.5793269230769231 0.8717948717948718 0.10336538461538461 0.2564102564102564
3 0.4326923076923077 0.8888888888888888 0.12980769230769232 0.21794871794871795
1 0.38221153846153844 0.7350427350427351 0.05048076923076923 0.12393162393162394
3 0.49038461538461536 0.43162393162393164 0.0673076923076923 0.13247863247863248
5 0.6634615384615384 0.4358974358974359 0.08413461538461539 0.18376068376068377
5 0.8317307692307693 0.6709401709401709 0.21394230769230768 0.4017094017094017
4 0.5745192307692307 0.3504273504273504 0.04567307692307692 0.09829059829059829
1 0.5408653846153846 0.4017094017094017 0.021634615384615384 0.0641025641025641
1 0.4879807692307692 0.33760683760683763 0.021634615384615384 0.042735042735042736
0 0.52265625 0.25625 0.52109375 0.2798611111111111 0.534765625 0.30277777777777776 0.53828125 0.3020833333333333 0.540625 0.2979166666666667 0.540625 0.25625 0.525390625 0.25277777777777777 0.52265625 0.25625
3 0.53359375 0.3145833333333333 0.534375 0.30624999999999997 0.528515625 0.28888888888888886 0.522265625 0.2847222222222222 0.50859375 0.28680555555555554 0.50390625 0.30069444444444443 0.5015625 0.3270833333333333 0.5015625 0.33541666666666664 0.50703125 0.3368055555555556 0.50859375 0.31875000000000003 0.512890625 0.30833333333333335 0.530078125 0.3097222222222222 0.53359375 0.3145833333333333
0 0.513671875 0.3138888888888889 0.50859375 0.32569444444444445 0.50625 0.37013888888888885 0.513671875 0.37916666666666665 0.52734375 0.3784722222222222 0.53203125 0.37013888888888885 0.53203125 0.32152777777777775 0.524609375 0.3125 0.513671875 0.3138888888888889
3 0.7964843749999999 0.3263888888888889 0.7816406250000001 0.325 0.7710937499999999 0.33541666666666664 0.7640625000000001 0.3604166666666667 0.7652343749999999 0.38472222222222224 0.7769531249999999 0.38333333333333336 0.7808593749999999 0.39305555555555555 0.81328125 0.39375 0.8171875 0.38402777777777775 0.8171875 0.37013888888888885 0.801953125 0.33194444444444443 0.7964843749999999 0.3263888888888889
3 0.861328125 0.3958333333333333 0.842578125 0.3958333333333333 0.83515625 0.40625 0.82734375 0.4354166666666667 0.82734375 0.45625 0.8374999999999999 0.46458333333333335 0.8402343750000001 0.4847222222222222 0.8875 0.4895833333333333 0.89140625 0.4826388888888889 0.890625 0.4395833333333333 0.8746093749999999 0.4041666666666667 0.861328125 0.3958333333333333
0 0.866015625 0.33055555555555555 0.85859375 0.36736111111111114 0.859375 0.3895833333333333 0.8675781250000001 0.3902777777777778 0.880859375 0.40138888888888885 0.8921874999999999 0.40208333333333335 0.9007812500000001 0.37986111111111115 0.9015625 0.3423611111111111 0.8871093750000001 0.33055555555555555 0.866015625 0.33055555555555555
0 0.8832031250000001 0.34444444444444444 0.8984375 0.3465277777777778 0.89921875 0.3409722222222222 0.892578125 0.33472222222222225 0.88203125 0.33819444444444446 0.8832031250000001 0.34444444444444444
0 0.830859375 0.3138888888888889 0.825 0.3409722222222222 0.825 0.37013888888888885 0.85546875 0.37569444444444444 0.8617187500000001 0.3576388888888889 0.8648437499999999 0.32152777777777775 0.846484375 0.3111111111111111 0.830859375 0.3138888888888889
0 0.7144531249999999 0.2847222222222222 0.71015625 0.32152777777777775 0.7124999999999999 0.33541666666666664 0.7191406250000001 0.33194444444444443 0.724609375 0.33888888888888885 0.7390625 0.3423611111111111 0.7445312500000001 0.31736111111111115 0.7437499999999999 0.29097222222222224 0.735546875 0.2847222222222222 0.7144531249999999 0.2847222222222222
0 0.6996093750000001 0.26944444444444443 0.684765625 0.26944444444444443 0.6812499999999999 0.27569444444444446 0.6796875 0.32152777777777775 0.6875 0.3229166666666667 0.6957031250000001 0.32222222222222224 0.7 0.3159722222222222 0.70234375 0.27291666666666664 0.6996093750000001 0.26944444444444443
3 0.505078125 0.24305555555555555 0.48828125 0.24513888888888888 0.48359375000000004 0.28541666666666665 0.48359375000000004 0.29236111111111107 0.48828125 0.2951388888888889 0.503515625 0.29444444444444445 0.50703125 0.28958333333333336 0.50859375 0.26458333333333334 0.505078125 0.24305555555555555
5 0.575390625 0.2611111111111111 0.57265625 0.27291666666666664 0.57265625 0.30347222222222225 0.584765625 0.3097222222222222 0.59140625 0.32152777777777775 0.596484375 0.3458333333333333 0.60625 0.3465277777777778 0.61015625 0.32430555555555557 0.60703125 0.26875 0.601171875 0.25972222222222224 0.575390625 0.2611111111111111
2 0.704185360576923 0.1972221923076923 0.6229353605769231 0.18194441452991453 0.6053572355769231 0.18680552564102565 0.6022322355769231 0.22708330341880342 0.6057478605769231 0.2347221923076923 0.6268416105769231 0.2472221923076923 0.6619978605769231 0.251388858974359 0.6834822355769231 0.26180552564102566 0.7049666105769231 0.25416663675213674 0.7069197355769231 0.24930552564102565 0.7084822355769231 0.21458330341880344 0.704185360576923 0.1972221923076923
5 0.5456730769230769 0.2264957264957265 0.028846153846153848 0.06837606837606838
2 0.5769230769230769 0.2094017094017094 0.04567307692307692 0.07264957264957266