3 0.4951923076923077 0.6666666666666666 0.0985576923076923 0.2905982905982906
3 0.40384615384615385 0.6025641025641025 0.08413461538461539 0.2222222222222222
3 0.5889423076923077 0.33760683760683763 0.05048076923076923 0.11965811965811966
3 0.49038461538461536 0.31196581196581197 0.04567307692307692 0.08547008547008547
3 0.5 0.2564102564102564 0.03365384615384615 0.0641025641025641
1 0.6682692307692307 0.7264957264957265 0.04567307692307692 0.1282051282051282
1 0.625 0.5427350427350427 0.04326923076923077 0.10256410256410256
3 0.5913461538461539 0.24786324786324787 0.036057692307692304 0.05128205128205128
3 0.8746093749999999 0.3402777777777778 0.8472656249999999 0.33749999999999997 0.8359375 0.36874999999999997 0.83671875 0.38263888888888886 0.8328125 0.4034722222222222 0.83515625 0.4215277777777778 0.866015625 0.4222222222222222 0.88359375 0.42847222222222225 0.88671875 0.41875 0.8890625000000001 0.37013888888888885 0.88359375 0.3645833333333333 0.8746093749999999 0.3402777777777778
0 0.6324218749999999 0.2013888888888889 0.62890625 0.20625000000000002 0.62578125 0.24513888888888888 0.64375 0.2520833333333333 0.64921875 0.23819444444444443 0.64921875 0.20902777777777778 0.6449218750000001 0.20277777777777778 0.6324218749999999 0.2013888888888889
0 0.69921875 0.25625 0.7007812499999999 0.29375 0.7234375 0.2979166666666667 0.7281249999999999 0.27152777777777776 0.72734375 0.24513888888888888 0.7035156250000001 0.24027777777777778 0.69921875 0.25625
0 0.728515625 0.24027777777777778 0.7281249999999999 0.2881944444444444 0.7347656250000001 0.29444444444444445 0.7515624999999999 0.29375 0.75859375 0.2673611111111111 0.7578125 0.24513888888888888 0.7464843750000001 0.23750000000000002 0.728515625 0.24027777777777778
0 0.8433593749999999 0.26944444444444443 0.8382812500000001 0.29375 0.8382812500000001 0.32569444444444445 0.8687499999999999 0.33125 0.8734375000000001 0.3270833333333333 0.878125 0.27569444444444446 0.8636718750000001 0.26666666666666666 0.8433593749999999 0.26944444444444443
0 0.880078125 0.28611111111111115 0.87421875 0.3090277777777778 0.8734375000000001 0.3298611111111111 0.884765625 0.35000000000000003 0.9046875000000001 0.3590277777777778 0.9140625 0.33541666666666664 0.9140625 0.29375 0.899609375 0.2847222222222222 0.880078125 0.28611111111111115
3 0.815234375 0.28611111111111115 0.8011718750000001 0.2791666666666667 0.7828124999999999 0.2840277777777778 0.7757812500000001 0.3145833333333333 0.779296875 0.32361111111111107 0.7964843749999999 0.33472222222222225 0.806640625 0.34861111111111115 0.825 0.34930555555555554 0.82890625 0.3423611111111111 0.8296874999999999 0.3284722222222222 0.825 0.30624999999999997 0.815234375 0.28611111111111115
0 0.6984375 0.2173611111111111 0.6953125 0.2604166666666667 0.69921875 0.26180555555555557 0.701953125 0.24166666666666664 0.7210937500000001 0.23819444444444443 0.717578125 0.2152777777777778 0.6984375 0.2173611111111111
2 0.698046875 0.14444444444444443 0.673828125 0.14444444444444443 0.655078125 0.13611111111111113 0.630859375 0.13472222222222222 0.6171875 0.14097222222222222 0.6140625 0.17152777777777778 0.619140625 0.19444444444444445 0.635546875 0.19444444444444445 0.651171875 0.20555555555555557 0.6968749999999999 0.21319444444444446 0.71796875 0.19930555555555557 0.7203124999999999 0.18263888888888888 0.716796875 0.15138888888888888 0.698046875 0.14444444444444443
2 0.61796875 0.14791666666666664 0.616015625 0.1388888888888889 0.593359375 0.125 0.579296875 0.125 0.56796875 0.13680555555555557 0.569140625 0.16666666666666666 0.588671875 0.17083333333333334 0.594921875 0.19861111111111113 0.6078125 0.19930555555555557 0.612890625 0.19861111111111113 0.6156250000000001 0.1909722222222222 0.6140625 0.16736111111111113 0.61796875 0.14791666666666664
5 0.574609375 0.17083333333333334 0.56875 0.17708333333333334 0.56796875 0.21875 0.569921875 0.2263888888888889 0.57734375 0.22708333333333336 0.59296875 0.22291666666666668 0.59296875 0.18819444444444444 0.589453125 0.17222222222222222 0.574609375 0.17083333333333334
3 0.5015625 0.22847222222222222 0.528125 0.23958333333333334 0.53125 0.22152777777777777 0.525 0.19375 0.502734375 0.1888888888888889 0.5015625 0.22847222222222222
0 0.52734375 0.19791666666666666 0.53046875 0.2201388888888889 0.533203125 0.2263888888888889 0.5390625 0.22569444444444445 0.54296875 0.2201388888888889 0.54375 0.18819444444444444 0.530078125 0.18333333333333332 0.52734375 0.19791666666666666
0 0.69453125 0.9423611111111111 0.6898437500000001 0.8743055555555556 0.6820312500000001 0.8326388888888889 0.6675781249999999 0.8208333333333333 0.619921875 0.8166666666666667 0.608984375 0.8208333333333333 0.6015625 0.8465277777777778 0.59765625 0.9270833333333334 0.58828125 0.9340277777777778 0.58984375 0.9784722222222223 0.58046875 0.9979166666666666 0.6765625 1 0.6937500000000001 0.9965277777777778 0.69453125 0.96875 0.70234375 0.9506944444444445 0.69453125 0.9423611111111111
5 0.6778846153846154 0.3333333333333333 0.0625 0.15384615384615385
5 0.7788461538461539 0.41452991452991456 0.08413461538461539 0.18376068376068377