5 0.8677884615384616 0.782051282051282 0.20432692307692307 0.4358974358974359
3 0.4567307692307692 0.811965811965812 0.14903846153846154 0.37606837606837606
1 0.6129807692307693 0.7393162393162394 0.04807692307692308 0.16666666666666666
0 0.5408653846153846 0.46153846153846156 0.0625 0.1282051282051282
4 0.6418269230769231 0.43162393162393164 0.06971153846153846 0.13247863247863248
1 0.6730769230769231 0.5299145299145299 0.03365384615384615 0.10256410256410256
3 0.53125 0.358974358974359 0.055288461538461536 0.08974358974358974
0 0.5504807692307693 0.3076923076923077 0.028846153846153848 0.06837606837606838
3 0.810546875 0.3 0.798828125 0.29305555555555557 0.7847656249999999 0.29305555555555557 0.7796875000000001 0.30069444444444443 0.7789062499999999 0.3145833333333333 0.7703125 0.33958333333333335 0.7730468749999999 0.35138888888888886 0.7847656249999999 0.35000000000000003 0.787890625 0.3625 0.8121093749999999 0.35555555555555557 0.8203125 0.36319444444444443 0.82421875 0.35625 0.82421875 0.33402777777777776 0.82109375 0.32013888888888886 0.810546875 0.3
3 0.8828125 0.38819444444444445 0.8746093749999999 0.3625 0.8511718749999999 0.35694444444444445 0.8390625 0.36736111111111114 0.83203125 0.39652777777777776 0.83125 0.41875 0.8359375 0.4270833333333333 0.837890625 0.44166666666666665 0.8875 0.44652777777777775 0.8890625000000001 0.4215277777777778 0.88671875 0.4034722222222222 0.8890625000000001 0.3909722222222222 0.8828125 0.38819444444444445
0 0.893359375 0.2986111111111111 0.8746093749999999 0.3 0.86796875 0.32152777777777775 0.8671875 0.35486111111111107 0.8753906250000001 0.35555555555555557 0.8863281249999999 0.36944444444444446 0.8984375 0.37013888888888885 0.90703125 0.35625 0.909375 0.3368055555555556 0.9078124999999999 0.3090277777777778 0.893359375 0.2986111111111111
0 0.838671875 0.28194444444444444 0.8328125 0.30763888888888885 0.83203125 0.33541666666666664 0.837109375 0.34305555555555556 0.8441406250000001 0.33888888888888885 0.8640625 0.34375 0.8687499999999999 0.33541666666666664 0.8726562499999999 0.29097222222222224 0.8597656250000001 0.28055555555555556 0.838671875 0.28194444444444444
0 0.7230468750000001 0.25277777777777777 0.71875 0.27291666666666664 0.71875 0.30069444444444443 0.7222656249999999 0.3055555555555556 0.746875 0.3090277777777778 0.75390625 0.3020833333333333 0.7523437500000001 0.2576388888888889 0.7457031249999999 0.25277777777777777 0.7230468750000001 0.25277777777777777
0 0.6910156249999999 0.24027777777777778 0.68828125 0.24513888888888888 0.6851562499999999 0.2881944444444444 0.6878906250000001 0.29305555555555557 0.703125 0.29236111111111107 0.7078125 0.28541666666666665 0.7085937499999999 0.24513888888888888 0.7066406249999999 0.24027777777777778 0.6910156249999999 0.24027777777777778
5 0.653125 0.22291666666666668 0.649609375 0.20972222222222223 0.638671875 0.20555555555555557 0.61484375 0.21597222222222223 0.6140625 0.27291666666666664 0.61640625 0.2826388888888889 0.622265625 0.2777777777777778 0.65234375 0.27708333333333335 0.6507812500000001 0.23680555555555557 0.653125 0.22291666666666668
5 0.6480468749999999 0.2791666666666667 0.6207031249999999 0.2791666666666667 0.61796875 0.28680555555555554 0.6156250000000001 0.36319444444444443 0.6449218750000001 0.36388888888888893 0.658984375 0.37916666666666665 0.66328125 0.3784722222222222 0.6664062500000001 0.33541666666666664 0.6617187499999999 0.3159722222222222 0.6625000000000001 0.29236111111111107 0.6480468749999999 0.2791666666666667
5 0.55859375 0.20208333333333334 0.5625 0.24375 0.571484375 0.25277777777777777 0.59296875 0.25625 0.59453125 0.23402777777777778 0.58828125 0.18541666666666667 0.564453125 0.17638888888888887 0.55859375 0.20208333333333334
2 0.7164062499999999 0.17847222222222223 0.7113281250000001 0.1625 0.633984375 0.1486111111111111 0.61328125 0.15208333333333332 0.6109375 0.1798611111111111 0.612890625 0.20833333333333334 0.641796875 0.20416666666666666 0.650390625 0.20972222222222223 0.655078125 0.2222222222222222 0.69609375 0.23124999999999998 0.705078125 0.22361111111111112 0.7113281250000001 0.225 0.71484375 0.21875 0.7164062499999999 0.17847222222222223
3 0.52109375 0.2784722222222222 0.516796875 0.25 0.501171875 0.24722222222222223 0.49531250000000004 0.2520833333333333 0.48828125 0.31319444444444444 0.4921875 0.32152777777777775 0.500390625 0.3152777777777778 0.513671875 0.32083333333333336 0.51953125 0.31736111111111115 0.52109375 0.2784722222222222
1 0.5384615384615384 0.25213675213675213 0.016826923076923076 0.038461538461538464
2 0.5889423076923077 0.1752136752136752 0.04807692307692308 0.06837606837606838