2 0.8605769230769231 0.4639423076923077 0.22355769230769232 0.42788461538461536
0 0.7716346153846154 0.6706730769230769 0.09375 0.2403846153846154
1 0.38221153846153844 0.9423076923076923 0.0625 0.10096153846153846
1 0.6346153846153846 0.9375 0.06009615384615385 0.11298076923076923
1 0.7475961538461539 0.19471153846153846 0.026442307692307692 0.07692307692307693
3 0.6778846153846154 0.41586538461538464 0.11298076923076923 0.16826923076923078
3 0.6754807692307693 0.75 0.14903846153846154 0.2548076923076923
3 0.5456730769230769 0.4254807692307692 0.09375 0.18990384615384615
3 0.6514423076923077 0.22355769230769232 0.07451923076923077 0.125
3 0.43028846153846156 0.8149038461538461 0.16826923076923078 0.2668269230769231
0 0.8798076923076923 0.8894230769230769 0.12740384615384615 0.22115384615384615
1 0.8125 0.9735576923076923 0.055288461538461536 0.052884615384615384
3 0.5913461538461539 0.33413461538461536 0.06490384615384616 0.13701923076923078