0 0.44711538461538464 0.53125 0.10336538461538461 0.2091346153846154
1 0.7091346153846154 0.2403846153846154 0.04807692307692308 0.14182692307692307
1 0.5817307692307693 0.7548076923076923 0.06490384615384616 0.1778846153846154
3 0.75 0.5384615384615384 0.1201923076923077 0.20192307692307693
3 0.9086538461538461 0.7115384615384616 0.17067307692307693 0.2548076923076923
3 0.6033653846153846 0.39663461538461536 0.09375 0.1778846153846154
3 0.7163461538461539 0.7620192307692307 0.1466346153846154 0.2644230769230769
3 0.44471153846153844 0.8966346153846154 0.19230769230769232 0.19471153846153846
3 0.4495192307692308 0.7283653846153846 0.1466346153846154 0.2091346153846154
3 0.8149038461538461 0.8966346153846154 0.20192307692307693 0.19471153846153846
3 0.7908653846153846 0.4519230769230769 0.125 0.17307692307692307
3 0.5889423076923077 0.6225961538461539 0.15384615384615385 0.25961538461538464
1 0.8076923076923077 0.31009615384615385 0.03365384615384615 0.0889423076923077
1 0.7572115384615384 0.3629807692307692 0.03365384615384615 0.06971153846153846