1 0.7860576923076923 0.34134615384615385 0.057692307692307696 0.17067307692307693
1 0.875 0.45913461538461536 0.038461538461538464 0.1346153846153846
1 0.8149038461538461 0.6490384615384616 0.057692307692307696 0.15865384615384615
3 0.6322115384615384 0.6658653846153846 0.125 0.24519230769230768
5 0.6778846153846154 0.40865384615384615 0.10096153846153846 0.19471153846153846
3 0.47836538461538464 0.5528846153846154 0.13221153846153846 0.23076923076923078
3 0.8605769230769231 0.8966346153846154 0.1778846153846154 0.19471153846153846
3 0.5913461538461539 0.28846153846153844 0.06971153846153846 0.12740384615384615
3 0.5432692307692307 0.34615384615384615 0.07211538461538461 0.15625
0 0.5264423076923077 0.8269230769230769 0.10817307692307693 0.27163461538461536
1 0.4879807692307692 0.6826923076923077 0.05048076923076923 0.1201923076923077
1 0.7043269230769231 0.5913461538461539 0.04326923076923077 0.13221153846153846