0 0.4230769230769231 0.8100961538461539 0.13701923076923078 0.3629807692307692
0 0.84375 0.39903846153846156 0.03365384615384615 0.125
1 0.6850961538461539 0.4855769230769231 0.040865384615384616 0.1201923076923077
1 0.7980769230769231 0.5336538461538461 0.052884615384615384 0.14423076923076922
1 0.5 0.53125 0.052884615384615384 0.08413461538461539
1 0.59375 0.4326923076923077 0.04326923076923077 0.07451923076923077
3 0.8197115384615384 0.7788461538461539 0.15865384615384615 0.2668269230769231
3 0.6201923076923077 0.5600961538461539 0.11057692307692307 0.21394230769230768
3 0.6057692307692307 0.8533653846153846 0.20432692307692307 0.28125
3 0.6586538461538461 0.34375 0.0889423076923077 0.16826923076923078
3 0.8966346153846154 0.6778846153846154 0.15865384615384615 0.22596153846153846
3 0.47836538461538464 0.46634615384615385 0.11538461538461539 0.21394230769230768
0 0.5264423076923077 0.6947115384615384 0.09134615384615384 0.24519230769230768
1 0.7596153846153846 0.33413461538461536 0.026442307692307692 0.09615384615384616