2 0.11538461538461539 0.5504807692307693 0.22596153846153846 0.4831730769230769
0 0.19230769230769232 0.78125 0.11057692307692307 0.28125
1 0.23798076923076922 0.20673076923076922 0.03125 0.08413461538461539
1 0.34134615384615385 0.06009615384615385 0.021634615384615384 0.06009615384615385
3 0.30528846153846156 0.49038461538461536 0.125 0.1875
3 0.4495192307692308 0.49759615384615385 0.10096153846153846 0.21394230769230768
3 0.30288461538461536 0.8653846153846154 0.17307692307692307 0.25721153846153844
3 0.3317307692307692 0.2668269230769231 0.08413461538461539 0.13701923076923078
3 0.5552884615384616 0.7379807692307693 0.13942307692307693 0.2091346153846154
3 0.5769230769230769 0.9110576923076923 0.1971153846153846 0.17067307692307693
3 0.3942307692307692 0.3918269230769231 0.09615384615384616 0.16826923076923078