0 0.4423076923076923 0.6466346153846154 0.1201923076923077 0.27403846153846156
1 0.7307692307692307 0.2668269230769231 0.04807692307692308 0.1466346153846154
1 0.6081730769230769 0.9134615384615384 0.055288461538461536 0.15625
1 0.7764423076923077 0.43509615384615385 0.04326923076923077 0.1201923076923077
1 0.6682692307692307 0.4014423076923077 0.036057692307692304 0.10096153846153846
1 0.8197115384615384 0.3581730769230769 0.03365384615384615 0.09375
1 0.7259615384615384 0.3004807692307692 0.038461538461538464 0.08413461538461539
3 0.6105769230769231 0.46875 0.10096153846153846 0.19951923076923078
3 0.5961538461538461 0.7355769230769231 0.17307692307692307 0.29086538461538464
3 0.43990384615384615 0.8846153846153846 0.16105769230769232 0.21875
3 0.7836538461538461 0.6490384615384616 0.13701923076923078 0.22355769230769232
3 0.7644230769230769 0.8725961538461539 0.17067307692307693 0.24519230769230768
3 0.8389423076923077 0.5576923076923077 0.14182692307692307 0.19951923076923078
3 0.9350961538461539 0.8365384615384616 0.125 0.30528846153846156