3 0.4423076923076923 0.5504807692307693 0.1201923076923077 0.2091346153846154
0 0.8557692307692307 0.8918269230769231 0.12740384615384615 0.2091346153846154
3 0.4543269230769231 0.7836538461538461 0.15144230769230768 0.28125
2 0.8990384615384616 0.6490384615384616 0.19951923076923078 0.5456730769230769
1 0.7764423076923077 0.2283653846153846 0.03125 0.0889423076923077
1 0.5288461538461539 0.43990384615384615 0.026442307692307692 0.06971153846153846
1 0.6802884615384616 0.07932692307692307 0.016826923076923076 0.04807692307692308
3 0.5697115384615384 0.5865384615384616 0.1201923076923077 0.23317307692307693
3 0.7163461538461539 0.5841346153846154 0.13942307692307693 0.20673076923076922
3 0.42788461538461536 0.8798076923076923 0.16105769230769232 0.23076923076923078
3 0.6826923076923077 0.31490384615384615 0.0889423076923077 0.14903846153846154
3 0.625 0.4639423076923077 0.10817307692307693 0.1875